"species","x","y","bio1","bio5","bio6","bio7","bio8","bio9","bio12","bio16","bio17"
"species",1,1,263,338,191,147,261,263,1639,724,62
"species",2,2,253,329,150,179,271,253,3624,1547,373
"species",3,3,243,318,150,168,264,243,1693,775,186
"species",4,4,252,326,154,172,270,252,2501,1081,280
"species",5,5,275,335,231,104,270,275,2259,956,208
"species",6,6,274,329,227,102,269,274,2233,877,230
"species",7,7,266,320,214,105,262,266,2592,872,498
"species",8,8,251,312,194,118,246,251,1617,808,97
"species",9,9,269,333,219,114,263,269,2211,981,196
"species",10,10,270,331,221,110,266,270,2274,1008,191
"species",11,11,254,317,197,119,251,254,2084,1011,137
"species",12,12,263,326,204,121,257,263,1842,818,176
"species",13,13,260,324,204,120,256,260,1945,880,143
"species",14,14,263,324,212,112,259,263,1878,893,122
"species",15,15,260,324,203,121,255,260,1882,845,170
"species",16,16,270,331,214,117,267,270,2479,1277,154
"species",17,17,270,329,216,113,268,270,2487,1221,182
"species",18,18,270,330,214,116,268,270,2413,1286,140
"species",19,19,181,259,86,172,206,181,1372,650,114
"species",20,20,258,313,200,113,259,258,2677,879,419
"species",21,21,216,277,160,117,212,216,2835,985,267
"species",22,22,261,306,220,87,260,261,2192,739,222
"species",23,23,232,290,171,119,229,232,3921,1364,365
"species",24,24,268,337,199,137,265,268,1369,531,88
"species",25,25,254,325,185,140,251,254,1499,606,90
"species",26,26,264,312,218,94,263,264,7682,2426,1496
"species",27,27,251,305,204,100,246,251,3719,1469,170
"species",28,28,263,316,213,104,262,263,7091,2065,1372
"species",29,29,260,316,213,103,258,260,2706,964,170
"species",30,30,242,290,198,93,242,242,2233,793,176
"species",31,31,272,335,216,118,270,272,1656,680,94
"species",32,32,250,308,197,110,247,250,2651,926,213
"species",33,33,272,343,218,124,263,272,2955,1271,247
"species",34,34,187,246,131,115,184,187,3155,1240,269
"species",35,35,256,299,217,81,258,256,4820,1663,957
"species",36,36,246,310,182,128,248,246,2253,865,314
"species",37,37,188,247,125,123,189,188,1449,559,182
"species",38,38,261,319,205,114,255,261,2945,1040,405
"species",39,39,257,315,204,111,250,257,2780,945,398
"species",40,40,282,342,227,115,278,282,2768,1072,207
"species",41,41,272,340,207,133,268,272,1227,503,64
"species",42,42,224,279,171,108,220,224,2496,859,403
"species",43,43,261,305,221,83,257,261,7024,2458,937
"species",44,44,216,277,160,117,215,216,3285,1218,300
"species",45,45,167,224,111,113,166,167,3159,1168,312
"species",46,46,257,316,202,114,258,257,3575,1295,359
"species",47,47,251,325,187,139,246,251,3727,1550,256
"species",48,48,244,299,195,104,252,244,2824,1381,234
"species",49,49,244,303,190,113,251,244,1934,1110,89
"species",50,50,226,283,171,112,223,226,4080,1300,766
"species",51,51,230,288,176,112,239,230,2819,1481,180
"species",52,52,218,290,146,144,221,218,1892,805,99
"species",53,53,260,316,209,107,254,260,5066,1706,636
"species",54,54,252,319,194,124,254,252,2471,1094,172
"species",55,55,255,299,204,95,257,255,3056,1017,488
"species",56,56,199,255,141,114,198,199,2740,986,290
"species",57,57,231,286,175,111,230,231,3226,1109,402
"species",58,58,261,310,218,92,254,261,2791,1077,148
"species",59,59,264,313,219,94,260,264,1993,776,95
"species",60,60,246,299,201,98,240,246,2924,1263,77
"species",61,61,267,322,223,99,262,267,1912,851,54
"species",62,62,255,307,207,100,249,255,2539,1045,116
"species",63,63,266,322,211,111,268,266,2413,678,493
"species",64,64,261,314,206,108,262,261,3207,939,667
"species",65,65,264,320,206,114,262,264,2827,851,554
"species",66,66,268,327,207,120,268,268,2403,723,407
"species",67,67,261,315,204,111,260,261,2915,916,554
"species",68,68,263,318,205,113,262,263,2921,868,607
"species",69,69,267,336,195,141,267,267,1933,620,281
"species",70,70,249,316,190,126,243,249,3182,1249,407
"species",71,71,236,306,162,145,235,236,1072,476,46
"species",72,72,270,322,216,106,268,270,1190,501,141
"species",73,73,230,295,160,135,232,230,1238,589,83
"species",74,74,278,339,209,130,278,278,2741,1054,176
